1111111111111111111111111111111111111111111
0000000000000000000000000000000000000000000
2222222222222222222222222222222222222222222
0000000000000000000000000000000000000000000
3333333333333333333333333333333333333333333
0000000000000000000000000000000000000000000
4444444444444444444444444444444444444444444
0000000000000000000000000000000000000000000
1111111111111111111111111111111111111111111
0000000000000000000000000000000000000000000
2222222222222222222222222222222222222222222
0000000000000000000000000000000000000000000
3333333333333333333333333333333333333333333
0000000000000000000000000000000000000000000
4444444444444444444444444444444444444444444
0000000000000000000000000000000000000000000
1111111111111111111111111111111111111111111
0000000000000000000000000000000000000000000
2222222222222222222222222222222222222222222
0000000000000000000000000000000000000000000
3333333333333333333333333333333333333333333
0000000000000000000000000000000000000000000
4444444444444444444444444444444444444444444
0000000000000000000000000000000000000000000
1111111111111111111111111111111111111111111
0000000000000000000000000000000000000000000
2222222222222222222222222222222222222222222
0000000000000000000000000000000000000000000
3333333333333333333333333333333333333333333
0000000000000000000000000000000000000000000